   2.0000000000000000        2.0000000000000000       -1.0000000000000000       -1.0000000000000000     
  
   1.0000000000000000        1.0000000000000000       -1.9999999494757503E-004   8.4147096401476773E-005
  
  0.99980000000505242        1.0000841470964015      -0.93985122760832751       0.39552923858753242     
  
   5.9948772396724914E-002   1.3956133856839339       -5.7692333959867281E-002  0.47381565564051975     
  
   2.2564384368576329E-003   1.8694290413244536       -6.4976656060250606E-003   1.3760793268438418     
  
  -4.2412271691674277E-003   3.2455083681682955        1.1016325928755360E-002 -0.13471457542515441     
  
   6.7750987595879318E-003   3.1107937927431411       -1.3392016369819805E-002   3.0434511803203002E-002
  
  -6.6169176102318728E-003   3.1412283045463441        1.0346489547926692E-002   2.8485575223724524E-004
  
   3.7295719376948195E-003   3.1415131602985813       -3.7302786357729500E-003   3.9754067901132117E-005
  
  -7.0669807813051461E-007   3.1415529143664824        7.0695448700798301E-007   1.9870222935036708E-005
  
   2.5640887746839959E-010   3.1415727845894175       -5.5371188408938640E-010   1.9819009467347826E-005
  
  -2.9730300662098681E-010   3.1415926035988848        5.5510767823918938E-010   4.9959691050815991E-008
  
