   1.0000000000000000        1.0000000000000000      -0.40000000573841987        9.0929744026936099E-002
  0.59999999426158013        1.0909297440269361       -1.6145341077224467       0.43781769541967552     
  -1.0145341134608665        1.5287474394466116        1.4769954952661979E-002  0.29226539820022213     
 -0.99976415850820455        1.8210128376468337       -5.2630716554180612E-004  0.35160943183338800     
  -1.0002904656737464        2.1726222694802217        5.9010489107114150E-004  -3.1514576879161815E-002
 -0.99970036078267521        2.1411076926010599       -5.9895317974356654E-004   4.8469777476212172E-004
  -1.0002993139624188        2.1415923903758221        3.4142299691652944E-004   1.5007019760204798E-007
 -0.99995789096550225        2.1415925404460197       -4.2109095521825068E-005   5.6621376476329033E-008
  -1.0000000000610241        2.1415925970673961        0.0000000000000000        2.8033145138550708E-008
  -1.0000000000610241        2.1415926251005413        0.0000000000000000        2.8593808210075622E-008
  -1.0000000000610241        2.1415926536943495        0.0000000000000000        0.0000000000000000     
